{
 "cells": [
  {
   "cell_type": "markdown",
   "id": "0f9ad90b",
   "metadata": {},
   "source": [
    "### Generating Values for Dim data table"
   ]
  },
  {
   "cell_type": "code",
   "execution_count": 1,
   "metadata": {},
   "outputs": [],
   "source": [
    "# Import pandas library\n",
    "import pandas as pd"
   ]
  },
  {
   "cell_type": "code",
   "execution_count": 2,
   "id": "ffe1198d",
   "metadata": {},
   "outputs": [],
   "source": [
    "# Start date and end date between which we intend to generate our dates.\n",
    "start_date = '2014-01-01'\n",
    "end_date = '2024-12-31'"
   ]
  },
  {
   "cell_type": "code",
   "execution_count": null,
   "id": "7494575c",
   "metadata": {},
   "outputs": [
    {
     "name": "stdout",
     "output_type": "stream",
     "text": [
      "DatetimeIndex(['2014-01-01', '2014-01-02', '2014-01-03', '2014-01-04',\n",
      "               '2014-01-05', '2014-01-06', '2014-01-07', '2014-01-08',\n",
      "               '2014-01-09', '2014-01-10',\n",
      "               ...\n",
      "               '2024-12-22', '2024-12-23', '2024-12-24', '2024-12-25',\n",
      "               '2024-12-26', '2024-12-27', '2024-12-28', '2024-12-29',\n",
      "               '2024-12-30', '2024-12-31'],\n",
      "              dtype='datetime64[ns]', length=4018, freq='D')\n"
     ]
    }
   ],
   "source": [
    "# generate a series of dates between the start date and end date\n",
    "\n",
    "date_range = pd.date_range(start=start_date, end=end_date)\n",
    "print(date_range)"
   ]
  },
  {
   "cell_type": "code",
   "execution_count": 4,
   "id": "4bb8c3a6",
   "metadata": {},
   "outputs": [
    {
     "name": "stdout",
     "output_type": "stream",
     "text": [
      "           Date\n",
      "0    2014-01-01\n",
      "1    2014-01-02\n",
      "2    2014-01-03\n",
      "3    2014-01-04\n",
      "4    2014-01-05\n",
      "...         ...\n",
      "4013 2024-12-27\n",
      "4014 2024-12-28\n",
      "4015 2024-12-29\n",
      "4016 2024-12-30\n",
      "4017 2024-12-31\n",
      "\n",
      "[4018 rows x 1 columns]\n"
     ]
    }
   ],
   "source": [
    "# Convert those series of dates into a DataFrame\n",
    "\n",
    "date_dimension = pd.DataFrame(date_range, columns=['Date'])\n",
    "print(date_dimension)"
   ]
  },
  {
   "cell_type": "code",
   "execution_count": 6,
   "id": "f451d889",
   "metadata": {},
   "outputs": [
    {
     "name": "stdout",
     "output_type": "stream",
     "text": [
      "           Date  DayofWeek  Month  Quarter  Year  IsWeekend    DateID\n",
      "0    2014-01-01          2      1        1  2014      False  20140101\n",
      "1    2014-01-02          3      1        1  2014      False  20140102\n",
      "2    2014-01-03          4      1        1  2014      False  20140103\n",
      "3    2014-01-04          5      1        1  2014       True  20140104\n",
      "4    2014-01-05          6      1        1  2014       True  20140105\n",
      "...         ...        ...    ...      ...   ...        ...       ...\n",
      "4013 2024-12-27          4     12        4  2024      False  20241227\n",
      "4014 2024-12-28          5     12        4  2024       True  20241228\n",
      "4015 2024-12-29          6     12        4  2024       True  20241229\n",
      "4016 2024-12-30          0     12        4  2024      False  20241230\n",
      "4017 2024-12-31          1     12        4  2024      False  20241231\n",
      "\n",
      "[4018 rows x 7 columns]\n"
     ]
    }
   ],
   "source": [
    "# Add new columns to our dataframe \n",
    "# DayofWeek, Month, Quarter, Year, IsWeekend, DateID\n",
    "\n",
    "date_dimension['DayofWeek'] = date_dimension['Date'].dt.dayofweek\n",
    "date_dimension['Month'] = date_dimension['Date'].dt.month\n",
    "date_dimension['Quarter'] = date_dimension['Date'].dt.quarter\n",
    "date_dimension['Year'] = date_dimension['Date'].dt.year\n",
    "date_dimension['IsWeekend'] = date_dimension['DayofWeek'].isin([5,6])\n",
    "date_dimension['DateID'] = date_dimension['Date'].dt.strftime('%Y%m%d').astype(int)\n",
    "print(date_dimension)\n",
    "\n"
   ]
  },
  {
   "cell_type": "code",
   "execution_count": 10,
   "id": "8eeb5b5f",
   "metadata": {},
   "outputs": [
    {
     "name": "stdout",
     "output_type": "stream",
     "text": [
      "        DateID       Date  DayofWeek  Month  Quarter  Year  IsWeekend\n",
      "0     20140101 2014-01-01          2      1        1  2014      False\n",
      "1     20140102 2014-01-02          3      1        1  2014      False\n",
      "2     20140103 2014-01-03          4      1        1  2014      False\n",
      "3     20140104 2014-01-04          5      1        1  2014       True\n",
      "4     20140105 2014-01-05          6      1        1  2014       True\n",
      "...        ...        ...        ...    ...      ...   ...        ...\n",
      "4013  20241227 2024-12-27          4     12        4  2024      False\n",
      "4014  20241228 2024-12-28          5     12        4  2024       True\n",
      "4015  20241229 2024-12-29          6     12        4  2024       True\n",
      "4016  20241230 2024-12-30          0     12        4  2024      False\n",
      "4017  20241231 2024-12-31          1     12        4  2024      False\n",
      "\n",
      "[4018 rows x 7 columns]\n"
     ]
    }
   ],
   "source": [
    "# Reorder our dataframe so that the DateID becomes the 1st column\n",
    "\n",
    "cols = ['DateID'] + [col for col in date_dimension.columns if col != 'DateID']\n",
    "date_dimension = date_dimension[cols]\n",
    "print(date_dimension)"
   ]
  },
  {
   "cell_type": "code",
   "execution_count": 11,
   "id": "c3e47276",
   "metadata": {},
   "outputs": [],
   "source": [
    "# Export it into a csv index column to be ignored\n",
    "\n",
    "date_dimension.to_csv('DimDate.csv', index=False)"
   ]
  },
  {
   "cell_type": "code",
   "execution_count": null,
   "id": "daf416cb",
   "metadata": {},
   "outputs": [],
   "source": []
  }
 ],
 "metadata": {
  "kernelspec": {
   "display_name": "myenv",
   "language": "python",
   "name": "python3"
  },
  "language_info": {
   "codemirror_mode": {
    "name": "ipython",
    "version": 3
   },
   "file_extension": ".py",
   "mimetype": "text/x-python",
   "name": "python",
   "nbconvert_exporter": "python",
   "pygments_lexer": "ipython3",
   "version": "3.13.2"
  }
 },
 "nbformat": 4,
 "nbformat_minor": 5
}
